0.0, 0.0, 0.0, 0.01721394
0.0, 0.0, 0.0, 0.03385496
0.0, 0.0, 0.0, 0.04968202
0.0, 0.0, 0.0, 0.06706095
0.0, 0.0, 0.0, 0.08349597
0.0, 0.0, 0.0, 0.09992194
0.0, 0.0, 0.0, 0.1160899
0.0, 0.0, 0.0, 0.132571
0.0, 0.0, 0.0, 0.1497819
0.0, 0.0, 0.0, 0.166497
0.0, 0.0, 0.0, 0.182978
0.0, 0.0, 0.0, 0.199664
0.0, 0.0, 0.0, 0.216338
0.0, 0.0, 0.0, 0.232422
0.0, 0.0, 0.0, 0.248675
0.0, 0.0, 0.0, 0.266067
0.0, 0.0, 0.0, 0.282168
0.0, 0.0, 0.0, 0.298755
0.0, 0.0, 0.0, 0.315619
0.0, 0.0, 0.0, 0.3322459
0.1, 0.0, 0.0, 0.348226
0.2, 0.0, 0.0, 0.364501
0.3, 0.0, 0.0, 0.381206
0.4, 0.0, 0.0, 0.398105
0.5, 0.0, 0.0, 0.41427
0.6, 0.0, 0.0, 0.430836
0.7, 0.0, 0.0, 0.447871
0.7, 0.0, 0.0, 0.464274
0.8, 0.0, 0.0, 0.480965
0.9, 0.0, 0.0, 0.497559
1.0, 0.0, 0.0, 0.514253
1.1, 0.0, 0.0, 0.5308419
1.1, 0.0, 0.0, 0.547084
1.2, 0.1, 0.1, 0.564119
1.4, 0.1, 0.1, 0.580161
1.4, 0.1, 0.1, 0.597397
1.5, 0.1, 0.1, 0.613316
1.5, 0.1, 0.1, 0.6296501
1.6, 0.1, 0.1, 0.646725
1.7, 0.2, 0.1, 0.663302
1.8, 0.2, 0.2, 0.679295
1.8, 0.2, 0.2, 0.696325
1.8, 0.3, 0.2, 0.7129951
1.9, 0.3, 0.2, 0.729479
1.9, 0.4, 0.3, 0.746128
2.0, 0.4, 0.3, 0.7627521
2.0, 0.5, 0.4, 0.779496
2.1, 0.6, 0.5, 0.79554
2.2, 0.8, 0.6, 0.8120641
2.2, 0.9, 0.6, 0.8289
2.3, 1.1, 0.7, 0.8454011
2.4, 1.2, 0.9, 0.861635
2.4, 1.3, 0.9, 0.878323
2.4, 1.5, 1.0, 0.8945641
2.4, 1.6, 1.1, 0.911403
2.5, 1.7, 1.2, 0.928083
2.5, 1.8, 1.2, 0.944263
2.5, 1.9, 1.3, 0.9609391
2.5, 2.1, 1.4, 0.9775991
2.5, 2.2, 1.5, 0.994563
2.5, 2.3, 1.6, 1.011449
2.4, 2.4, 1.6, 1.027112
2.4, 2.5, 1.7, 1.044737
2.4, 2.6, 1.8, 1.060706
2.4, 2.8, 1.9, 1.077233
2.4, 2.9, 1.9, 1.094063
2.4, 3.0, 2.0, 1.110667
2.3, 3.1, 2.1, 1.127334
2.2, 3.3, 2.2, 1.143301
2.1, 3.4, 2.3, 1.160081
2.1, 3.6, 2.4, 1.176596
2.0, 3.7, 2.4, 1.193282
2.0, 3.8, 2.5, 1.209567
1.9, 3.9, 2.6, 1.226075
1.9, 4.0, 2.7, 1.242431
1.8, 4.1, 2.7, 1.259043
1.7, 4.2, 2.8, 1.276236
1.7, 4.4, 2.9, 1.292568
1.6, 4.5, 3.0, 1.30925
1.5, 4.6, 3.0, 1.325963
1.4, 4.7, 3.1, 1.342306
1.3, 4.7, 3.1, 1.359201
1.2, 4.8, 3.2, 1.375982
1.1, 4.9, 3.2, 1.391936
1.0, 4.9, 3.2, 1.408453
0.8, 5.0, 3.3, 1.425221
0.7, 5.0, 3.3, 1.441915
0.5, 5.1, 3.3, 1.458533
0.4, 5.1, 3.3, 1.474672
0.3, 5.1, 3.3, 1.491572
0.2, 5.1, 3.4, 1.507932
0.0, 5.2, 3.4, 1.5243
-0.1, 5.2, 3.4, 1.541436
-0.4, 5.3, 3.5, 1.557892
-0.6, 5.4, 3.5, 1.574491
-0.8, 5.4, 3.5, 1.591132
-1.0, 5.5, 3.5, 1.607476
-1.3, 5.5, 3.6, 1.624444
-1.5, 5.6, 3.6, 1.640473
-1.7, 5.6, 3.6, 1.657757
-1.8, 5.7, 3.7, 1.673714
-2.0, 5.7, 3.7, 1.690464
-2.1, 5.7, 3.7, 1.706302
-2.2, 5.7, 3.7, 1.72348
-2.4, 5.7, 3.7, 1.73977
-2.4, 5.7, 3.7, 1.757034
-2.5, 5.7, 3.7, 1.772843
-2.7, 5.7, 3.7, 1.789432
-2.8, 5.7, 3.7, 1.80651
-2.9, 5.6, 3.6, 1.823071
-3.0, 5.6, 3.6, 1.839804
-3.0, 5.5, 3.6, 1.855745
-3.1, 5.5, 3.5, 1.8731
-3.1, 5.4, 3.5, 1.889155
-3.2, 5.4, 3.5, 1.90567
-3.3, 5.3, 3.4, 1.922397
-3.3, 5.3, 3.4, 1.938437
-3.4, 5.2, 3.3, 1.955356
-3.5, 5.1, 3.2, 1.971479
-3.6, 4.9, 3.2, 1.988034
-3.7, 4.8, 3.1, 2.005073
-3.8, 4.7, 3.0, 2.021697
-3.9, 4.6, 2.9, 2.037709
-4.0, 4.5, 2.8, 2.054717
-4.0, 4.3, 2.7, 2.070847
-4.1, 4.1, 2.6, 2.087356
-4.2, 3.9, 2.5, 2.104972
-4.3, 3.7, 2.3, 2.120733
-4.4, 3.6, 2.3, 2.13753
-4.4, 3.5, 2.2, 2.154071
-4.4, 3.4, 2.2, 2.170232
-4.5, 3.4, 2.1, 2.187592
-4.5, 3.2, 2.0, 2.203729
-4.6, 3.2, 2.0, 2.220206
-4.6, 3.1, 2.0, 2.236562
-4.6, 3.1, 1.9, 2.253298
-4.6, 3.1, 1.9, 2.270042
-4.6, 3.0, 1.9, 2.286904
-4.7, 3.0, 1.9, 2.302918
-4.7, 3.0, 1.8, 2.32014
-4.7, 2.9, 1.8, 2.336252
-4.8, 2.9, 1.8, 2.352401
-4.8, 2.8, 1.8, 2.370026
-4.9, 2.8, 1.7, 2.385611
-5.0, 2.7, 1.7, 2.40298
-5.0, 2.7, 1.7, 2.419615
-5.1, 2.7, 1.6, 2.436163
-5.1, 2.7, 1.6, 2.451902
-5.1, 2.6, 1.6, 2.469522
-5.2, 2.6, 1.6, 2.485574
-5.2, 2.6, 1.6, 2.502049
-5.2, 2.6, 1.6, 2.518861
-5.2, 2.6, 1.6, 2.534646
-5.2, 2.6, 1.6, 2.551341
-5.2, 2.6, 1.6, 2.567942
-5.2, 2.6, 1.6, 2.584676
-5.2, 2.6, 1.6, 2.600901
-5.2, 2.6, 1.6, 2.617661
-5.2, 2.5, 1.6, 2.634399
-5.2, 2.5, 1.5, 2.650647
-5.2, 2.5, 1.5, 2.667537
-5.2, 2.4, 1.5, 2.684544
-5.2, 2.4, 1.5, 2.70075
-5.2, 2.3, 1.4, 2.716952
-5.2, 2.3, 1.4, 2.733532
-5.2, 2.2, 1.3, 2.750796
-5.2, 2.2, 1.3, 2.767434
-5.2, 2.1, 1.3, 2.783531
-5.2, 2.0, 1.2, 2.800128
-5.2, 2.0, 1.2, 2.816623
-5.2, 1.9, 1.1, 2.832874
-5.2, 1.8, 1.1, 2.849666
-5.2, 1.8, 1.1, 2.866274
-5.2, 1.8, 1.0, 2.88262
-5.2, 1.7, 1.0, 2.899418
-5.2, 1.7, 1.0, 2.916272
-5.2, 1.7, 1.0, 2.932727
-5.2, 1.7, 1.0, 2.948853
-5.1, 1.6, 1.0, 2.965419
-5.1, 1.6, 0.9, 2.982421
-5.1, 1.6, 0.9, 2.999452
-5.1, 1.6, 0.9, 3.016068
-5.1, 1.6, 0.9, 3.031794
-5.1, 1.5, 0.9, 3.048375
-5.0, 1.5, 0.9, 3.065361
-5.0, 1.5, 0.9, 3.081406
-5.0, 1.5, 0.9, 3.098041
-5.0, 1.5, 0.9, 3.114764
-5.0, 1.5, 0.9, 3.131175
-5.0, 1.5, 0.8, 3.148436
-5.0, 1.5, 0.8, 3.164613
-5.0, 1.5, 0.8, 3.180882
-5.0, 1.5, 0.8, 3.198438
-4.9, 1.4, 0.8, 3.214085
-4.9, 1.4, 0.8, 3.230456
-4.9, 1.4, 0.8, 3.247234
-4.9, 1.4, 0.8, 3.263891
-4.9, 1.4, 0.8, 3.280798
-4.9, 1.4, 0.8, 3.296796
-4.9, 1.4, 0.8, 3.314328
-4.9, 1.4, 0.8, 3.329971
-4.8, 1.3, 0.8, 3.346618
-4.8, 1.3, 0.8, 3.363846
-4.8, 1.3, 0.7, 3.379871
-4.8, 1.3, 0.7, 3.396259
-4.8, 1.3, 0.7, 3.413176
-4.7, 1.3, 0.7, 3.429972
-4.7, 1.3, 0.7, 3.44587
-4.7, 1.2, 0.7, 3.462362
-4.7, 1.2, 0.7, 3.479847
-4.7, 1.2, 0.7, 3.496136
-4.6, 1.2, 0.7, 3.512497
-4.6, 1.2, 0.7, 3.528749
-4.6, 1.2, 0.7, 3.545437
-4.6, 1.2, 0.7, 3.561932
-4.5, 1.1, 0.6, 3.578365
-4.5, 1.1, 0.6, 3.595043
-4.4, 1.1, 0.6, 3.611695
-4.4, 1.0, 0.6, 3.628199
-4.2, 1.0, 0.6, 3.645192
-4.1, 1.0, 0.6, 3.661449
-4.0, 0.9, 0.5, 3.67812
-3.9, 0.9, 0.5, 3.694796
-3.8, 0.9, 0.5, 3.710948
-3.7, 0.9, 0.5, 3.727806
-3.6, 0.9, 0.5, 3.744023
-3.6, 0.8, 0.5, 3.760644
-3.5, 0.8, 0.5, 3.777851
-3.4, 0.8, 0.5, 3.794428
-3.4, 0.8, 0.4, 3.810906
-3.3, 0.8, 0.4, 3.82716
-3.2, 0.8, 0.4, 3.84356
-3.2, 0.7, 0.4, 3.859987
-3.1, 0.7, 0.4, 3.876586
-3.1, 0.7, 0.4, 3.893651
-3.0, 0.7, 0.4, 3.910392
-3.0, 0.7, 0.4, 3.926912
-2.9, 0.7, 0.4, 3.943447
-2.8, 0.6, 0.4, 3.959794
-2.8, 0.6, 0.4, 3.976064
-2.8, 0.6, 0.3, 3.992577
-2.7, 0.6, 0.3, 4.009123
-2.7, 0.6, 0.3, 4.025715
-2.7, 0.6, 0.3, 4.042253
-2.6, 0.5, 0.3, 4.059248
-2.6, 0.5, 0.3, 4.075968
-2.5, 0.5, 0.3, 4.092378
-2.5, 0.5, 0.3, 4.109066
-2.5, 0.5, 0.3, 4.125649
-2.4, 0.5, 0.3, 4.141705
-2.4, 0.5, 0.3, 4.158628
-2.4, 0.4, 0.2, 4.175477
-2.3, 0.4, 0.2, 4.191916
-2.3, 0.4, 0.2, 4.208386
-2.3, 0.4, 0.2, 4.224511
-2.3, 0.4, 0.2, 4.241085
-2.3, 0.4, 0.2, 4.257639
-2.3, 0.4, 0.2, 4.274875
-2.3, 0.4, 0.2, 4.290787
-2.3, 0.4, 0.2, 4.307538
-2.3, 0.4, 0.2, 4.324303
-2.3, 0.4, 0.2, 4.3405
-2.3, 0.4, 0.2, 4.357157
-2.3, 0.4, 0.2, 4.373695
