12.7, 8.2, 0.0, 0.01623404
12.7, 8.2, 0.0, 0.03333604
12.7, 8.2, 0.0, 0.04997694
12.7, 8.2, 0.0, 0.06617796
12.7, 8.2, 0.0, 0.082726
12.7, 8.2, 0.0, 0.09942704
12.7, 8.2, 0.0, 0.1154481
12.7, 8.2, 0.0, 0.132306
12.7, 8.2, 0.0, 0.14928
12.7, 8.2, 0.0, 0.165119
12.7, 8.2, 0.0, 0.182077
12.7, 8.2, 0.0, 0.1986881
12.7, 8.2, 0.0, 0.214749
12.7, 8.2, 0.0, 0.2311811
12.7, 8.2, 0.0, 0.248663
12.7, 8.2, 0.0, 0.2644281
12.7, 8.2, 0.0, 0.280878
12.7, 8.2, 0.0, 0.298474
12.7, 8.2, 0.0, 0.3146411
12.7, 8.2, 0.0, 0.331271
12.7, 8.2, 0.0, 0.347142
12.6, 8.2, 0.0, 0.3645571
12.6, 8.2, 0.0, 0.3806611
12.5, 8.2, 0.0, 0.397499
12.5, 8.2, 0.0, 0.4139281
12.5, 8.2, 0.0, 0.4306541
12.4, 8.2, 0.0, 0.447243
12.4, 8.2, 0.0, 0.46355
12.4, 8.2, 0.0, 0.4804581
12.4, 8.2, 0.0, 0.496517
12.4, 8.2, 0.0, 0.512844
12.3, 8.2, 0.0, 0.5304721
12.3, 8.2, 0.0, 0.5465731
12.3, 8.2, 0.0, 0.562614
12.3, 8.2, 0.0, 0.579971
12.3, 8.2, 0.0, 0.5964821
12.3, 8.2, 0.0, 0.613267
12.3, 8.1, 0.0, 0.629157
12.3, 8.1, 0.0, 0.6459491
12.3, 8.1, 0.0, 0.6624871
12.3, 8.1, -0.1, 0.679114
12.3, 8.0, -0.1, 0.6950191
12.4, 8.0, -0.1, 0.712485
12.4, 7.9, -0.2, 0.72915
12.5, 7.8, -0.2, 0.7451701
12.6, 7.8, -0.3, 0.7619571
12.7, 7.7, -0.3, 0.778274
12.7, 7.6, -0.4, 0.7944301
12.7, 7.6, -0.4, 0.8110611
12.8, 7.6, -0.4, 0.8285181
12.8, 7.5, -0.4, 0.8444751
12.9, 7.5, -0.4, 0.861743
12.9, 7.4, -0.5, 0.8777251
13.0, 7.4, -0.5, 0.8942401
13.0, 7.4, -0.5, 0.910993
13.1, 7.4, -0.5, 0.9272291
13.2, 7.3, -0.5, 0.9444241
13.3, 7.3, -0.6, 0.960115
13.3, 7.2, -0.6, 0.9776691
13.5, 7.2, -0.6, 0.9936801
13.5, 7.2, -0.6, 1.010848
13.7, 7.1, -0.6, 1.026445
13.8, 7.1, -0.6, 1.043267
13.8, 7.1, -0.6, 1.059543
14.0, 7.1, -0.6, 1.076086
14.1, 7.1, -0.7, 1.092925
14.2, 7.1, -0.7, 1.109409
14.3, 7.0, -0.7, 1.126049
14.4, 7.0, -0.7, 1.143128
14.5, 7.0, -0.7, 1.159682
14.6, 7.0, -0.7, 1.175481
14.6, 7.0, -0.7, 1.19212
14.7, 7.0, -0.7, 1.208902
14.8, 7.0, -0.7, 1.225169
14.8, 6.9, -0.7, 1.241743
14.9, 6.9, -0.7, 1.258273
15.0, 6.9, -0.7, 1.274837
15.1, 6.9, -0.7, 1.29167
15.2, 6.9, -0.7, 1.308747
15.3, 6.9, -0.7, 1.324897
15.4, 6.9, -0.7, 1.341131
15.5, 6.9, -0.7, 1.357702
15.6, 6.9, -0.7, 1.374263
15.7, 6.9, -0.7, 1.391488
15.7, 6.9, -0.7, 1.408318
15.8, 6.9, -0.7, 1.424266
15.9, 6.9, -0.7, 1.440555
16.0, 6.9, -0.7, 1.457524
16.1, 6.9, -0.7, 1.474244
16.2, 7.0, -0.7, 1.490803
16.2, 7.0, -0.6, 1.507306
16.3, 7.0, -0.6, 1.523583
16.4, 7.0, -0.6, 1.54081
16.5, 7.1, -0.5, 1.556785
16.5, 7.1, -0.5, 1.57321
16.6, 7.2, -0.5, 1.589663
16.8, 7.3, -0.4, 1.606276
16.9, 7.3, -0.4, 1.622904
17.1, 7.4, -0.3, 1.639522
17.2, 7.4, -0.3, 1.655981
17.2, 7.5, -0.3, 1.673494
17.3, 7.5, -0.2, 1.689485
17.4, 7.6, -0.2, 1.705584
17.5, 7.7, -0.1, 1.722744
17.6, 7.8, -0.1, 1.738905
17.7, 7.8, 0.0, 1.756126
17.8, 7.9, 0.0, 1.772175
17.9, 8.0, 0.1, 1.788595
17.9, 8.1, 0.2, 1.805078
18.1, 8.2, 0.3, 1.821911
18.1, 8.3, 0.3, 1.838416
18.2, 8.4, 0.4, 1.85485
18.2, 8.5, 0.4, 1.871306
18.2, 8.6, 0.5, 1.88781
18.2, 8.8, 0.6, 1.904544
18.3, 9.0, 0.8, 1.920981
18.3, 9.1, 0.8, 1.93753
18.3, 9.3, 1.0, 1.954394
18.3, 9.5, 1.1, 1.970817
18.3, 9.6, 1.2, 1.987338
18.3, 9.7, 1.3, 2.003878
18.3, 9.9, 1.3, 2.021291
18.3, 10.0, 1.4, 2.03732
18.3, 10.1, 1.5, 2.053678
18.3, 10.2, 1.5, 2.070132
18.3, 10.3, 1.6, 2.086633
18.3, 10.4, 1.7, 2.103338
18.3, 10.6, 1.8, 2.12013
18.3, 10.7, 1.9, 2.136534
18.2, 10.8, 2.0, 2.153604
18.2, 11.1, 2.1, 2.169684
18.1, 11.2, 2.2, 2.186007
18.1, 11.3, 2.2, 2.202692
18.0, 11.3, 2.3, 2.220055
17.9, 11.5, 2.4, 2.236252
17.9, 11.6, 2.4, 2.252778
17.8, 11.7, 2.5, 2.269874
17.7, 11.8, 2.5, 2.285723
17.5, 11.9, 2.6, 2.302052
17.4, 12.0, 2.7, 2.319306
17.2, 12.1, 2.7, 2.335452
17.1, 12.2, 2.8, 2.352503
17.0, 12.3, 2.8, 2.368504
16.8, 12.4, 2.9, 2.384892
16.6, 12.6, 3.0, 2.401552
16.4, 12.7, 3.1, 2.41843
16.3, 12.8, 3.2, 2.435308
16.1, 12.9, 3.2, 2.451662
16.0, 13.0, 3.3, 2.467699
15.8, 13.1, 3.3, 2.484314
15.7, 13.1, 3.4, 2.50097
15.7, 13.1, 3.4, 2.517734
15.6, 13.2, 3.4, 2.533967
15.5, 13.2, 3.4, 2.551188
15.4, 13.2, 3.4, 2.567491
15.3, 13.2, 3.4, 2.583736
15.2, 13.2, 3.4, 2.601068
15.1, 13.2, 3.4, 2.617266
15.0, 13.2, 3.4, 2.633568
14.8, 13.2, 3.4, 2.649893
14.8, 13.2, 3.4, 2.666544
14.7, 13.2, 3.4, 2.68337
14.6, 13.2, 3.4, 2.700341
14.5, 13.2, 3.4, 2.716851
14.5, 13.2, 3.3, 2.733064
14.3, 13.1, 3.3, 2.749326
14.2, 13.1, 3.3, 2.765884
14.1, 13.2, 3.3, 2.782591
13.9, 13.1, 3.3, 2.799088
13.8, 13.1, 3.3, 2.816378
13.7, 13.1, 3.3, 2.832388
13.6, 13.1, 3.2, 2.848736
13.5, 13.0, 3.2, 2.865257
13.4, 13.0, 3.2, 2.88185
13.2, 13.0, 3.2, 2.898752
13.1, 12.9, 3.1, 2.914995
13.0, 12.8, 3.1, 2.931661
12.8, 12.7, 3.0, 2.949061
12.7, 12.6, 2.9, 2.965121
12.6, 12.6, 2.9, 2.981201
12.6, 12.5, 2.9, 2.998742
12.5, 12.4, 2.8, 3.014957
12.4, 12.4, 2.7, 3.03113
12.3, 12.3, 2.7, 3.048074
12.3, 12.2, 2.6, 3.064336
12.2, 12.2, 2.6, 3.080887
12.2, 12.1, 2.6, 3.097196
12.2, 12.0, 2.5, 3.113805
12.1, 11.9, 2.4, 3.131369
12.0, 11.8, 2.4, 3.147658
12.0, 11.7, 2.3, 3.16385
11.9, 11.6, 2.2, 3.180162
11.8, 11.5, 2.1, 3.196634
11.8, 11.4, 2.1, 3.21319
11.6, 11.1, 1.9, 3.229897
11.6, 11.0, 1.8, 3.246896
11.5, 10.8, 1.7, 3.263087
11.5, 10.6, 1.6, 3.279953
11.4, 10.6, 1.5, 3.296088
11.4, 10.4, 1.4, 3.312601
11.4, 10.2, 1.3, 3.330042
11.3, 9.9, 1.1, 3.345956
11.3, 9.8, 1.0, 3.362265
11.2, 9.6, 0.9, 3.378913
11.2, 9.4, 0.8, 3.395744
11.2, 9.3, 0.7, 3.412899
11.2, 9.1, 0.6, 3.429102
11.2, 9.1, 0.5, 3.446337
11.2, 8.9, 0.5, 3.462311
11.2, 8.8, 0.4, 3.479083
11.2, 8.7, 0.3, 3.495846
11.2, 8.6, 0.3, 3.512424
11.2, 8.5, 0.2, 3.528593
11.2, 8.5, 0.1, 3.545953
11.2, 8.3, 0.0, 3.561952
11.2, 8.2, 0.0, 3.578411
11.2, 8.1, -0.1, 3.595614
11.2, 8.1, -0.1, 3.611655
11.3, 8.0, -0.2, 3.628558
11.3, 7.9, -0.2, 3.644576
11.4, 7.9, -0.2, 3.661552
11.5, 7.8, -0.3, 3.677956
11.5, 7.8, -0.3, 3.694338
11.6, 7.7, -0.3, 3.710834
11.6, 7.6, -0.4, 3.728107
11.7, 7.6, -0.4, 3.744159
11.8, 7.5, -0.4, 3.760511
11.9, 7.5, -0.5, 3.777169
12.0, 7.4, -0.5, 3.79375
12.1, 7.3, -0.6, 3.810644
12.2, 7.3, -0.6, 3.826752
12.3, 7.2, -0.6, 3.843717
12.3, 7.1, -0.7, 3.859873
12.4, 7.1, -0.7, 3.8775
12.5, 7.0, -0.8, 3.893517
12.5, 7.0, -0.8, 3.909615
12.6, 6.9, -0.8, 3.926199
12.7, 6.9, -0.8, 3.942714
12.7, 6.9, -0.8, 3.959455
12.7, 6.8, -0.9, 3.975914
12.8, 6.8, -0.9, 3.99267
12.9, 6.8, -0.9, 4.009265
13.0, 6.7, -0.9, 4.025677
13.0, 6.7, -1.0, 4.042318
13.1, 6.6, -1.0, 4.05866
13.2, 6.6, -1.0, 4.075355
13.3, 6.5, -1.0, 4.091793
13.3, 6.5, -1.0, 4.10877
13.4, 6.5, -1.1, 4.12494
13.5, 6.4, -1.1, 4.141647
13.6, 6.4, -1.1, 4.159138
13.7, 6.4, -1.1, 4.175357
13.8, 6.4, -1.1, 4.191808
13.9, 6.3, -1.2, 4.207971
13.9, 6.3, -1.2, 4.224951
14.0, 6.3, -1.2, 4.241158
14.0, 6.3, -1.2, 4.25759
14.1, 6.3, -1.2, 4.274582
14.1, 6.2, -1.2, 4.290616
14.2, 6.2, -1.2, 4.308029
14.2, 6.2, -1.2, 4.324338
14.3, 6.2, -1.2, 4.340888
14.3, 6.2, -1.2, 4.357206
14.4, 6.2, -1.2, 4.373643
14.4, 6.2, -1.2, 4.390009
14.4, 6.2, -1.2, 4.406879
14.4, 6.2, -1.2, 4.423953
14.4, 6.2, -1.2, 4.439692
14.5, 6.2, -1.2, 4.456318
14.5, 6.2, -1.2, 4.473877
14.5, 6.2, -1.2, 4.490539
14.6, 6.2, -1.2, 4.50641
14.6, 6.2, -1.2, 4.522992
14.6, 6.2, -1.2, 4.539182
14.7, 6.2, -1.2, 4.556549
14.7, 6.2, -1.2, 4.572612
14.7, 6.2, -1.2, 4.589919
14.7, 6.2, -1.2, 4.605918
14.7, 6.2, -1.2, 4.622082
14.7, 6.2, -1.2, 4.638822
14.8, 6.2, -1.2, 4.655288
14.8, 6.2, -1.2, 4.671727
14.8, 6.2, -1.2, 4.688882
14.8, 6.2, -1.2, 4.70505
14.8, 6.2, -1.2, 4.721638
14.8, 6.2, -1.2, 4.738256
14.8, 6.2, -1.2, 4.754576
14.8, 6.2, -1.2, 4.771271
14.8, 6.2, -1.2, 4.788597
14.8, 6.2, -1.2, 4.805188
14.8, 6.2, -1.2, 4.821171
14.8, 6.2, -1.2, 4.837729
14.8, 6.2, -1.2, 4.853894
14.8, 6.2, -1.2, 4.871248
14.8, 6.2, -1.2, 4.886988
14.8, 6.2, -1.2, 4.904345
14.8, 6.2, -1.2, 4.920491
14.8, 6.2, -1.2, 4.937102
14.8, 6.2, -1.2, 4.954282
14.8, 6.2, -1.2, 4.969821
14.8, 6.2, -1.2, 4.986727
14.8, 6.2, -1.2, 5.003227
14.8, 6.2, -1.2, 5.019621
14.8, 6.2, -1.2, 5.036245
14.8, 6.2, -1.2, 5.052905
14.8, 6.2, -1.2, 5.069373
14.8, 6.2, -1.2, 5.086305
14.8, 6.2, -1.2, 5.102484
14.8, 6.2, -1.2, 5.11895
14.8, 6.2, -1.2, 5.135492
